
Call:
MCA(X = data_subset, graph = FALSE) 


Eigenvalues
                       Dim.1   Dim.2   Dim.3   Dim.4   Dim.5   Dim.6   Dim.7   Dim.8   Dim.9  Dim.10  Dim.11  Dim.12 
Variance               0.337   0.323   0.256   0.251   0.222   0.209   0.180   0.153   0.147   0.134   0.100   0.089 
% of var.             14.024  13.473  10.663  10.458   9.230   8.715   7.498   6.366   6.112   5.580   4.184   3.697 
Cumulative % of var.  14.024  27.496  38.159  48.617  57.847  66.562  74.060  80.426  86.539  92.118  96.303 100.000 

Individuals (the 10 first)
                                          Dim.1    ctr   cos2    Dim.2    ctr   cos2    Dim.3    ctr   cos2   
1                                      |  0.564  0.782  0.082 |  0.267  0.182  0.018 |  0.061  0.012  0.001 | 
2                                      |  0.814  1.627  0.163 |  1.055  2.842  0.273 |  0.134  0.058  0.004 | 
3                                      |  0.348  0.297  0.060 | -0.888  2.014  0.390 |  0.207  0.139  0.021 | 
4                                      |  0.787  1.521  0.217 | -0.752  1.445  0.198 |  0.087  0.025  0.003 | 
5                                      |  0.288  0.204  0.041 | -0.860  1.890  0.366 | -0.105  0.036  0.005 | 
6                                      |  0.348  0.297  0.060 | -0.888  2.014  0.390 |  0.207  0.139  0.021 | 
7                                      |  0.293  0.211  0.055 | -0.502  0.644  0.160 |  0.259  0.217  0.043 | 
8                                      |  0.234  0.134  0.035 | -0.474  0.575  0.143 | -0.054  0.009  0.002 | 
9                                      |  0.488  0.584  0.108 | -0.969  2.401  0.425 |  0.394  0.501  0.070 | 
10                                     |  0.542  0.722  0.111 | -1.355  4.690  0.691 |  0.342  0.378  0.044 | 

Categories (the 10 first)
                                          Dim.1    ctr   cos2 v.test    Dim.2    ctr   cos2 v.test    Dim.3    ctr   cos2 v.test   
ESI                                    |  0.653  7.547  0.181  4.658 | -0.820 12.375  0.285 -5.846 |  0.379  3.348  0.061  2.705 | 
Faculty of medicine  Ziania            | -0.946 21.541  0.609 -8.550 |  0.307  2.368  0.064  2.778 |  0.327  3.394  0.073  2.959 | 
University of Algiers 1                |  1.331 12.180  0.232  5.274 |  1.360 13.246  0.242  5.391 |  0.644  3.748  0.054  2.551 | 
USTHB                                  |  0.191  0.395  0.008  0.987 | -0.209  0.490  0.010 -1.077 | -1.760 44.016  0.688 -9.089 | 
1 cp / L1                              | -0.199  0.818  0.021 -1.591 |  0.279  1.674  0.041  2.230 | -0.584  9.250  0.181 -4.664 | 
1 cs / L3                              | -0.074  0.045  0.001 -0.327 |  0.141  0.172  0.003  0.624 |  0.287  0.902  0.013  1.270 | 
2 cp / L2                              | -0.027  0.015  0.000 -0.214 |  0.201  0.863  0.021  1.602 |  0.207  1.163  0.023  1.654 | 
2 cs / Master 1                        |  0.537  2.835  0.057  2.619 | -1.127 12.991  0.252 -5.495 |  0.548  3.876  0.059  2.670 | 
CSE's social media                     |  0.446  6.534  0.246  5.438 | -0.396  5.373  0.195 -4.833 | -0.229  2.269  0.065 -2.794 | 
Recommended by a friend or a colleague |  0.410  1.737  0.035  2.060 |  1.231 16.276  0.318  6.181 | -0.035  0.017  0.000 -0.176 | 

Categorical variables (eta2)
                                                   Dim.1 Dim.2 Dim.3   
University                                       | 0.701 0.460 0.697 | 
Level.of.your.study                              | 0.062 0.254 0.194 | 
How.did.you.hear.of.CSE.Around.Algeria.          | 0.510 0.350 0.094 | 
Select.the.workshop.you.wish.to.attend           | 0.298 0.201 0.205 | 
Rate.your.knowledge.in.the.field.of.the.workshop | 0.111 0.351 0.089 | 
